60 500
120 500
180 500
240 500
300 500
360 500
420 500
480 500
540 500
600 500
660 500
720 500
780 500
840 500
900 500
960 500
1020 500
1080 500
1140 500
1200 500
1260 500
1320 500
1380 500
1440 500
1500 500
1560 500
1620 500
1680 500
1740 500
1800 500
1860 500
1920 500
1980 500
2040 500
2100 500
2160 500
2220 500
2280 500
2340 500
2400 500
2460 500
2520 500
2580 500
2640 500
2700 500
2760 500
2820 500
2880 500
2940 500
3000 500
3060 500
3120 500
3180 500
3240 500
3300 500
3360 500
3420 500
3480 500
3540 500
3600 500
3660 500
3720 500
3780 500
3840 500
3900 500
3960 500
4020 500
4080 500
4140 500
4200 500
4260 500
4320 500
4380 500
4440 500
4500 500
4560 500
4620 500
4680 500
4740 500
4800 500
4860 500
4920 500
4980 500
5040 500
5100 500
5160 500
5220 500
5280 500
5340 500
5400 500
5460 500
5520 500
5580 500
5640 500
5700 500
5760 500
5820 500
5880 500
5940 500
6000 500
6060 500
6120 500
6180 500
6240 500
6300 500
6360 500
6420 500
6480 500
6540 500
6600 500
6660 500
6720 500
6780 500
6840 500
6900 500
6960 500
7020 500
7080 500
7140 500
7200 500
7260 500
7320 500
7380 500
7440 500
7500 500
