0 -6.12
0.05 -6.12
0.1 -6.12
0.15 -6.12
0.2 -6.12
0.25 -6.12
0.3 -6.12
0.35 -6.12
0.4 -6.12
0.45 -6.12
0.5 -6.12
0.55 -6.12
0.6 -6.12
0.65 -6.12
0.7 -6.12
0.75 -6.12
0.8 -6.12
0.85 -6.12
0.9 -6.12
0.95 -6.12
1 -6.12
1.05 -6.12
1.1 -6.12
1.15 -6.12
1.2 -6.12
1.25 -6.12
1.3 -6.12
1.35 -6.12
1.4 -6.12
1.45 -6.12
1.5 -6.12
1.55 -6.12
1.6 -6.12
1.65 -6.12
1.7 -6.12
1.75 -6.12
1.8 -6.12
1.85 -6.12
1.9 -6.12
1.95 -6.12
2 -6.12
2.05 -6.12
2.1 -6.12
2.15 -6.12
2.2 -6.12
2.25 -6.12
2.3 -6.12
2.35 -6.12
2.4 -6.12
2.45 -6.12
2.5 -6.12
2.55 -6.12
2.6 -6.12
2.65 -6.12
2.7 -6.12
2.75 -6.12
2.8 -6.12
2.85 -6.12
2.9 -6.12
2.95 -6.12
3 -6.12
3.05 -6.12
3.1 -6.12
3.15 -6.12
3.2 -6.12
3.25 -6.12
3.3 -6.12
3.35 -6.12
3.4 -6.12
3.45 -6.12
3.5 -6.12
3.55 -6.12
3.6 -5.1
3.65 -6.12
3.7 -6.12
3.75 -6.12
3.8 -6.12
3.85 -6.12
3.9 -6.12
3.95 -6.12
4 -6.12
4.05 -5.78
4.1 -5.78
4.15 -5.78
4.2 -5.95
4.25 -5.95
4.3 -5.95
4.35 -5.95
4.4 -5.95
4.45 -5.78
4.5 -5.78
4.55 -5.61
4.6 -5.61
4.65 -5.95
4.7 -5.1
4.75 -5.44
4.8 -5.61
4.85 -5.61
4.9 -5.61
4.95 -5.61
5 -5.61
5.05 -5.61
5.1 -5.61
5.15 -5.61
5.2 -5.61
5.25 -5.61
5.3 -5.61
5.35 -5.61
5.4 -5.78
5.45 -5.78
5.5 -5.78
5.55 -5.78
5.6 -5.78
5.65 -5.78
5.7 -5.78
5.75 -5.78
5.8 -5.78
5.85 -5.78
5.9 -5.78
5.95 -5.78
6 -5.78
6.05 -5.78
6.10001 -5.61
6.15001 -5.78
6.20001 -5.61
6.25001 -5.78
6.30001 -5.61
6.35001 -5.78
6.40001 -5.78
6.45001 -5.78
6.50001 -5.78
6.55001 -5.61
6.60001 -5.78
6.65001 -5.78
6.70001 -5.78
6.75001 -5.78
6.80001 -5.61
6.85001 -5.78
6.90001 -5.61
6.95001 -5.78
7.00001 -5.78
7.05001 -5.78
7.10001 -5.78
7.15001 -5.78
7.20001 -5.78
7.25001 -5.78
7.30001 -5.61
7.35001 -5.61
7.40001 -5.78
7.45001 -5.61
7.50001 -5.78
7.55001 -5.78
7.60001 -5.78
7.65001 -5.78
7.70001 -5.78
7.75001 -5.78
7.80001 -5.78
7.85001 -5.78
7.90001 -5.78
7.95001 -5.78
8.00001 -5.78
8.05001 -5.78
8.10001 -5.78
8.15001 -5.78
8.20001 -5.78
8.25001 -5.61
8.30001 -5.78
8.35001 -5.78
8.40001 -5.78
8.45001 -5.78
8.50001 -5.78
8.55001 -5.78
8.60001 -5.78
8.65001 -5.61
8.70002 -5.78
8.75002 -5.78
8.80002 -5.78
8.85002 -5.78
8.90002 -5.78
8.95002 -5.78
9.00002 -5.78
9.05002 -5.78
9.10002 -5.78
9.15002 -5.78
9.20002 -5.78
9.25002 -5.61
9.30002 -5.78
9.35002 -5.78
9.40002 -5.78
9.45002 -5.78
9.50002 -5.78
9.55002 -5.78
9.60002 -5.78
9.65002 -5.78
9.70002 -5.78
9.75002 -5.78
9.80002 -5.78
9.85002 -5.78
9.90002 -5.61
9.95002 -5.78
10 -5.78
10.05 -5.78
10.1 -5.78
10.15 -5.78
10.2 -5.78
10.25 -5.61
10.3 -5.78
10.35 -5.61
10.4 -5.78
10.45 -5.78
10.5 -5.78
10.55 -5.78
10.6 -5.78
10.65 -5.78
10.7 -5.78
10.75 -5.78
10.8 -5.78
10.85 -5.78
10.9 -5.78
10.95 -5.78
11 -5.61
11.05 -5.78
11.1 -5.78
11.15 -5.78
11.2 -5.78
11.25 -5.61
11.3 -5.78
11.35 -5.78
11.4 -5.78
11.45 -5.78
11.5 -5.78
11.55 -5.78
11.6 -5.78
11.65 -5.78
11.7 -5.78
11.75 -5.61
11.8 -5.78
11.85 -5.78
11.9 -5.78
11.95 -5.78
12 -5.78
12.05 -5.61
12.1 -5.78
12.15 -5.78
12.2 -5.78
12.25 -5.78
12.3 -5.78
12.35 -5.78
12.4 -5.78
12.45 -5.78
12.5 -5.78
12.55 -5.78
12.6 -5.78
12.65 -5.78
12.7 -5.78
12.75 -5.61
12.8 -5.78
12.85 -5.78
12.9 -5.78
12.95 -5.78
13 -5.78
13.05 -5.78
13.1 -5.61
13.15 -5.78
13.2 -5.78
13.25 -5.78
13.3 -5.78
13.35 -5.78
13.4 -5.78
13.45 -5.78
13.5 -5.78
13.55 -5.78
13.6 -5.78
13.65 -5.78
13.7 -5.61
13.75 -5.78
13.8 -5.78
13.85 -5.78
13.9 -5.78
13.95 -5.78
14 -5.78
14.05 -5.78
14.1 -5.78
14.15 -5.78
14.2 -5.61
14.25 -5.78
14.3 -5.78
14.35 -5.78
14.4 -5.78
14.45 -5.78
14.5 -5.78
14.55 -5.78
14.6 -5.78
14.65 -5.78
14.7 -5.78
14.75 -5.78
14.8 -5.78
14.85 -5.78
14.9 -5.78
14.95 -5.78
15 -5.78
15.05 -5.61
15.1 -5.78
15.15 -5.78
15.2 -5.78
15.25 -5.61
15.3 -5.78
15.35 -5.78
15.4 -5.78
15.45 -5.78
15.5 -5.78
15.55 -5.78
15.6 -5.78
15.65 -5.61
15.7 -5.78
15.75 -5.78
15.8 -5.78
15.85 -5.78
15.9 -5.78
15.95 -5.78
16 -5.78
16.05 -5.78
16.1 -5.78
16.15 -5.78
16.2 -5.78
16.25 -5.61
16.3 -5.78
16.35 -5.61
16.4 -5.78
16.45 -5.78
16.5 -5.61
16.55 -5.78
16.6 -5.78
16.65 -5.78
16.7 -5.78
16.75 -5.78
16.8 -5.78
16.85 -5.78
16.9 -5.78
16.95 -5.78
17 -5.78
17.05 -5.78
17.1 -5.78
17.15 -5.78
17.2 -5.78
17.25 -5.78
17.3 -5.78
17.35 -5.78
17.4 -5.78
17.45 -5.78
17.5 -5.78
17.55 -5.78
17.6 -5.78
17.65 -5.78
17.7 -5.78
17.75 -5.78
17.8 -5.78
17.85 -5.78
17.9 -5.78
17.95 -5.78
18 -5.78
18.05 -5.78
18.1 -5.78
18.15 -5.78
18.2 -5.78
18.25 -5.78
18.3 -5.78
18.35 -5.78
18.4 -5.78
18.45 -5.78
18.5 -5.78
18.55 -5.78
18.6 -5.78
18.65 -5.78
18.7 -5.78
18.75 -5.78
18.8 -5.78
18.85 -5.78
18.9 -5.78
18.95 -5.78
19 -5.78
19.05 -5.78
19.1 -5.78
19.15 -5.78
19.2 -5.78
19.25 -5.78
19.3 -5.78
19.35 -5.78
19.4 -5.78
19.45 -5.78
19.5 -5.78
19.55 -5.78
19.6 -5.78
19.65 -5.78
19.7 -5.78
19.75 -5.78
19.8 -5.78
19.85 -5.78
19.9 -5.78
19.95 -5.78
20 -5.78
20.05 -5.78
20.1 -5.78
20.15 -5.78
20.2 -5.78
20.25 -5.78
20.3 -5.78
20.35 -5.78
20.4 -5.78
20.45 -5.78
20.5 -5.78
20.55 -5.78
20.6 -5.78
20.65 -5.78
20.7 -5.78
20.75 -5.78
20.8 -5.78
20.85 -5.78
20.9 -5.78
20.95 -5.78
21 -5.78
21.05 -5.78
21.1 -5.78
21.15 -5.78
21.2 -5.78
21.25 -5.78
21.3 -5.78
21.35 -5.78
21.4 -5.78
21.45 -5.78
21.5 -5.78
21.55 -5.78
21.6 -5.78
21.65 -5.78
21.7 -5.78
21.75 -5.78
21.8 -5.78
21.85 -5.78
21.9 -5.78
21.95 -5.78
22 -5.78
22.0499 -5.78
22.0999 -5.78
22.1499 -5.78
22.1999 -5.78
22.2499 -5.78
22.2999 -5.78
22.3499 -5.61
22.3999 -5.78
22.4499 -5.78
22.4999 -5.78
22.5499 -5.78
22.5999 -5.78
22.6499 -5.78
22.6999 -5.78
22.7499 -5.78
22.7999 -5.78
22.8499 -5.78
22.8999 -5.78
22.9499 -5.78
22.9999 -5.78
23.0499 -5.78
23.0999 -5.78
23.1499 -5.61
23.1999 -5.78
23.2499 -5.78
23.2999 -5.78
23.3499 -5.78
23.3999 -5.78
23.4499 -5.78
23.4999 -5.78
23.5499 -5.78
23.5999 -5.78
23.6499 -5.78
23.6999 -5.78
23.7499 -5.78
23.7999 -5.78
23.8499 -5.78
23.8999 -5.78
23.9499 -5.78
23.9999 -5.78
24.0499 -5.78
24.0999 -5.78
24.1499 -5.78
24.1999 -5.78
24.2499 -5.78
24.2999 -5.78
24.3499 -5.78
24.3999 -5.78
24.4499 -5.78
24.4999 -5.61
24.5499 -5.78
24.5999 -5.78
24.6499 -5.78
24.6999 -5.78
24.7499 -5.78
24.7999 -5.78
24.8499 -5.78
24.8999 -5.78
24.9499 -5.78
24.9999 -5.78
25.0499 -5.61
25.0999 -5.78
25.1499 -5.78
25.1999 -5.78
25.2499 -5.78
25.2999 -5.78
25.3499 -5.78
25.3999 -5.78
25.4499 -5.78
25.4999 -5.78
25.5499 -5.78
25.5999 -5.78
25.6499 -5.78
25.6999 -5.78
25.7499 -5.78
25.7999 -5.78
25.8499 -5.78
25.8999 -5.78
25.9499 -5.78
25.9999 -5.78
26.0499 -5.78
26.0999 -5.78
26.1499 -5.78
26.1999 -5.78
26.2499 -5.78
26.2999 -5.78
26.3499 -5.78
26.3999 -5.78
26.4499 -5.78
26.4999 -5.78
26.5499 -5.78
26.5999 -5.78
26.6499 -5.78
26.6999 -5.78
26.7499 -5.78
26.7999 -5.78
26.8499 -5.78
26.8999 -5.78
26.9499 -5.78
26.9999 -5.78
27.0499 -5.78
27.0999 -5.78
27.1499 -5.78
27.1999 -5.78
27.2499 -5.78
27.2999 -5.78
27.3499 -5.78
27.3999 -5.78
27.4499 -5.78
27.4999 -5.78
27.5499 -5.61
27.5999 -5.78
27.6499 -5.78
27.6999 -5.78
27.7499 -5.78
27.7999 -5.78
27.8499 -5.78
27.8999 -5.78
27.9499 -5.78
27.9999 -5.78
28.0499 -5.78
28.0999 -5.78
28.1499 -5.78
28.1999 -5.61
28.2499 -5.78
28.2999 -5.78
28.3499 -5.78
28.3999 -5.78
28.4499 -5.78
28.4999 -5.78
28.5499 -5.78
28.5998 -5.78
28.6498 -5.78
28.6998 -5.78
28.7498 -5.78
28.7998 -5.78
28.8498 -5.78
28.8998 -5.78
28.9498 -5.78
28.9998 -5.78
29.0498 -5.78
29.0998 -5.78
29.1498 -5.78
29.1998 -5.78
29.2498 -5.78
29.2998 -5.78
29.3498 -5.78
29.3998 -5.78
29.4498 -5.78
29.4998 -5.78
29.5498 -5.78
29.5998 -5.78
29.6498 -5.78
29.6998 -5.78
29.7498 -5.78
29.7998 -5.78
29.8498 -5.78
29.8998 -5.78
29.9498 -5.78
29.9998 -5.78
30.0498 -5.78
30.0998 -5.78
30.1498 -5.78
30.1998 -5.78
30.2498 -5.78
30.2998 -5.78
30.3498 -5.78
30.3998 -5.78
30.4498 -5.78
30.4998 -5.78
30.5498 -5.78
30.5998 -5.78
30.6498 -5.78
30.6998 -5.78
30.7498 -5.78
30.7998 -5.78
30.8498 -5.78
30.8998 -5.78
30.9498 -5.78
30.9998 -5.78
31.0498 -5.78
31.0998 -5.78
31.1498 -5.78
31.1998 -5.78
31.2498 -5.78
31.2998 -5.78
31.3498 -5.78
31.3998 -5.78
31.4498 -5.78
31.4998 -5.78
31.5498 -5.78
31.5998 -5.78
31.6498 -5.78
31.6998 -5.78
31.7498 -5.78
31.7998 -5.78
31.8498 -5.78
31.8998 -5.78
31.9498 -5.78
31.9998 -5.78
32.0498 -5.78
32.0998 -5.61
32.1498 -5.78
32.1998 -5.78
32.2498 -5.78
32.2998 -5.78
32.3498 -5.78
32.3998 -5.78
32.4498 -5.78
32.4998 -5.78
32.5498 -5.78
32.5998 -5.78
32.6498 -5.78
32.6998 -5.78
32.7498 -5.78
32.7998 -5.78
32.8498 -5.78
32.8998 -5.78
32.9498 -5.78
32.9998 -5.78
33.0498 -5.78
33.0998 -5.78
33.1498 -5.78
33.1998 -5.78
33.2498 -5.78
33.2998 -5.78
33.3498 -5.78
33.3998 -5.78
33.4498 -5.78
33.4998 -5.78
33.5498 -5.78
33.5998 -5.78
33.6498 -5.78
33.6998 -5.78
33.7498 -5.78
33.7998 -5.78
33.8498 -5.78
33.8998 -5.78
33.9498 -5.78
33.9998 -5.78
34.0498 -5.78
34.0998 -5.78
34.1498 -5.78
34.1998 -5.78
34.2498 -5.78
34.2998 -5.78
34.3498 -5.78
34.3998 -5.78
34.4498 -5.78
34.4998 -5.78
34.5498 -5.78
34.5998 -5.78
34.6498 -5.78
34.6998 -5.78
34.7498 -5.78
34.7998 -5.78
34.8498 -5.78
34.8998 -5.78
34.9498 -5.78
34.9998 -5.78
35.0498 -5.78
35.0998 -5.78
35.1497 -5.78
35.1997 -5.78
35.2497 -5.78
35.2997 -5.78
35.3497 -5.78
35.3997 -5.78
35.4497 -5.78
35.4997 -5.78
35.5497 -5.78
35.5997 -5.78
35.6497 -5.78
35.6997 -5.78
35.7497 -5.78
35.7997 -5.78
35.8497 -5.78
35.8997 -5.78
35.9497 -5.78
35.9997 -5.78
36.0497 -5.78
36.0997 -5.78
36.1497 -5.78
36.1997 -5.78
36.2497 -5.78
36.2997 -5.78
36.3497 -5.78
36.3997 -5.78
36.4497 -5.78
36.4997 -5.78
36.5497 -5.78
36.5997 -5.78
36.6497 -4.93
36.6997 -4.08
36.7497 -3.91
36.7997 -3.91
36.8497 -3.74
36.8997 -3.57
36.9497 -3.57
36.9997 -3.4
37.0497 -3.23
37.0997 -3.23
37.1497 -3.06
37.1997 -3.06
37.2497 -2.89
37.2997 -2.72
37.3497 -2.55
37.3997 -2.55
37.4497 -2.38
37.4997 -2.38
37.5497 -2.21
37.5997 -2.04
37.6497 -1.87
37.6997 -1.87
37.7497 -1.7
37.7997 -1.53
37.8497 -1.36
37.8997 -1.19
37.9497 -1.19
37.9997 -1.02
38.0497 -0.85
38.0997 -0.68
38.1497 -0.68
38.1997 -0.51
38.2497 -0.34
38.2997 -0.17
38.3497 -0.17
38.3997 0
38.4497 0.17
38.4997 0.34
38.5497 0.51
38.5997 0.68
38.6497 0.85
38.6997 1.02
38.7497 1.19
38.7997 1.19
38.8497 1.36
38.8997 1.53
38.9497 1.7
38.9997 1.87
39.0497 2.04
39.0997 2.21
39.1497 2.38
39.1997 2.55
39.2497 2.72
39.2997 2.89
39.3497 3.06
39.3997 3.23
39.4497 3.4
39.4997 3.57
39.5497 3.91
39.5997 4.08
39.6497 4.25
39.6997 4.42
39.7497 4.59
39.7997 4.76
39.8497 4.93
39.8997 5.27
39.9497 5.44
39.9997 5.61
40.0497 5.78
40.0997 5.95
40.1497 6.29
40.1997 6.46
40.2497 6.63
40.2997 6.8
40.3497 7.14
40.3997 7.31
40.4497 7.48
40.4997 7.65
40.5497 7.99
40.5997 8.16
40.6497 8.5
40.6997 8.67
40.7497 8.84
40.7997 9.18
40.8497 9.35
40.8997 9.69
40.9497 9.86
40.9997 10.2
41.0497 10.37
41.0997 10.71
41.1497 10.88
41.1997 11.22
41.2497 11.56
41.2997 11.73
41.3497 12.07
41.3997 12.41
41.4497 12.75
41.4997 12.92
41.5497 13.26
41.5997 13.6
41.6497 13.94
41.6996 14.28
41.7496 14.62
41.7996 14.96
41.8496 15.13
41.8996 15.47
41.9496 15.98
41.9996 16.15
42.0496 16.49
42.0996 16.83
42.1496 17.17
42.1996 17.51
42.2496 17.85
42.2996 18.36
42.3496 18.7
42.3996 19.04
42.4496 19.38
42.4996 19.72
42.5496 20.06
42.5996 20.57
42.6496 20.91
42.6996 21.25
42.7496 21.76
42.7996 22.1
42.8496 22.44
42.8996 22.78
42.9496 23.29
42.9996 23.63
43.0496 24.14
43.0996 24.48
43.1496 24.99
43.1996 25.33
43.2496 25.67
43.2996 26.18
43.3496 26.69
43.3996 27.03
43.4496 27.54
43.4996 27.88
43.5496 28.39
43.5996 28.73
43.6496 29.24
43.6996 29.75
43.7496 30.26
43.7996 30.6
43.8496 31.11
43.8996 31.62
43.9496 32.13
43.9996 32.64
44.0496 33.15
44.0996 33.66
44.1496 34.17
44.1996 34.68
44.2496 35.19
44.2996 35.7
44.3496 36.21
44.3996 36.89
44.4496 37.4
44.4996 37.91
44.5496 38.42
44.5996 39.1
44.6496 39.61
44.6996 40.12
44.7496 40.63
44.7996 41.31
44.8496 41.82
44.8996 42.33
44.9496 43.01
44.9996 43.52
45.0496 44.2
45.0996 44.88
45.1496 45.39
45.1996 46.07
45.2496 46.58
45.2996 47.26
45.3496 47.94
45.3996 48.62
45.4496 49.3
45.4996 49.98
45.5496 50.66
45.5996 51.17
45.6496 52.02
45.6996 52.7
45.7496 53.38
45.7996 54.06
45.8496 54.74
45.8996 55.42
45.9496 56.27
45.9996 56.95
46.0496 57.8
46.0996 58.48
46.1496 59.16
46.1996 60.01
46.2496 60.69
46.2996 61.54
46.3496 62.39
46.3996 63.07
46.4496 63.92
46.4996 64.6
46.5496 65.45
46.5996 66.3
46.6496 67.15
46.6996 67.83
46.7496 68.68
46.7996 69.53
46.8496 70.38
46.8996 71.23
46.9496 72.08
46.9996 72.93
47.0496 73.78
47.0996 74.8
47.1496 75.65
47.1996 76.5
47.2496 77.35
47.2996 78.37
47.3496 79.22
47.3996 80.24
47.4496 81.26
47.4996 82.11
47.5496 83.13
47.5996 83.98
47.6496 85
47.6996 85.85
47.7496 86.87
47.7996 87.89
47.8496 88.74
47.8996 89.76
47.9496 90.78
47.9996 91.8
48.0496 92.82
48.0996 93.84
48.1496 94.86
48.1996 95.88
48.2495 96.9
48.2995 97.92
48.3495 98.94
48.3995 99.96
48.4495 101.15
48.4995 102.17
48.5495 103.19
48.5995 104.21
48.6495 105.4
48.6995 106.42
48.7495 107.61
48.7995 108.63
48.8495 109.82
48.8995 110.84
48.9495 112.03
48.9995 113.22
49.0495 114.24
49.0995 115.43
49.1495 116.62
49.1995 117.81
49.2495 119
49.2995 120.02
49.3495 121.21
49.3995 122.57
49.4495 123.76
49.4995 124.95
49.5495 126.14
49.5995 127.33
49.6495 128.69
49.6995 129.88
49.7495 131.07
49.7995 132.26
49.8495 133.62
49.8995 134.81
49.9495 136
49.9995 137.36
50.0495 138.72
50.0995 139.91
50.1495 141.27
50.1995 142.63
50.2495 143.99
50.2995 145.18
50.3495 146.71
50.3995 148.07
50.4495 149.43
50.4995 150.79
50.5495 152.15
50.5995 153.51
50.6495 154.87
50.6995 156.4
50.7495 157.76
50.7995 159.12
50.8495 160.65
50.8995 162.01
50.9495 163.54
50.9995 164.9
51.0495 166.6
51.0995 168.13
51.1495 169.49
51.1995 171.02
51.2495 172.55
51.2995 173.91
51.3495 175.44
51.3995 176.97
51.4495 178.5
51.4995 180.03
51.5495 181.73
51.5995 183.26
51.6495 184.62
51.6995 186.32
51.7495 187.85
51.7995 189.55
51.8495 191.08
51.8995 192.78
51.9495 194.31
51.9995 195.84
52.0495 197.54
52.0995 199.24
52.1495 200.77
52.1995 202.47
52.2495 204.17
52.2995 205.7
52.3495 207.4
52.3995 209.1
52.4495 210.97
52.4995 212.67
52.5495 214.37
52.5995 216.07
52.6495 217.77
52.6995 219.64
52.7495 221.34
52.7995 223.21
52.8495 224.91
52.8995 226.78
52.9495 228.65
52.9995 230.52
53.0495 232.56
53.0995 234.43
53.1495 236.3
53.1995 238.17
53.2495 240.21
53.2995 242.08
53.3495 243.95
53.3995 245.99
53.4495 248.03
53.4995 249.9
53.5495 251.94
53.5995 253.98
53.6495 256.02
53.6995 257.89
53.7495 259.93
53.7995 261.97
53.8495 264.01
53.8995 266.05
53.9495 268.09
53.9995 269.96
54.0495 272
54.0995 274.04
54.1495 276.08
54.1995 278.12
54.2495 280.16
54.2995 282.37
54.3495 284.41
54.3995 286.45
54.4495 288.49
54.4995 290.53
54.5495 292.74
54.5995 294.95
54.6495 296.99
54.6995 299.2
54.7495 301.41
54.7994 303.62
54.8494 305.66
54.8994 307.87
54.9494 310.08
54.9994 312.29
55.0494 314.5
55.0994 316.88
55.1494 319.09
55.1994 321.47
55.2494 323.68
55.2994 326.06
55.3494 328.27
55.3994 330.82
55.4494 333.03
55.4994 335.41
55.5494 337.79
55.5994 340.17
55.6494 342.55
55.6994 344.93
55.7494 347.48
55.7994 349.86
55.8494 352.41
55.8994 354.79
55.9494 357.34
55.9994 359.89
56.0494 362.44
56.0994 364.99
56.1494 367.54
56.1994 370.26
56.2494 372.98
56.2994 375.53
56.3494 378.25
56.3994 381.14
56.4494 384.03
56.4994 386.92
56.5494 389.81
56.5994 392.7
56.6494 395.76
56.6994 398.99
56.7494 402.39
56.7994 405.79
56.8494 409.36
56.8994 413.1
56.9494 416.67
56.9994 420.41
57.0494 424.32
57.0994 428.23
57.1494 432.14
57.1994 436.22
57.2494 440.13
57.2994 444.04
57.3494 448.12
57.3994 452.03
57.4494 455.94
57.4994 459.85
57.5494 463.76
57.5994 467.5
57.6494 471.24
57.6994 474.81
57.7494 478.21
57.7994 481.61
57.8494 484.84
57.8994 488.07
57.9494 491.13
57.9994 494.02
58.0494 496.74
58.0994 499.46
58.1494 502.01
58.1994 504.39
58.2494 506.6
58.2994 508.81
58.3494 510.85
58.3994 512.55
58.4494 514.59
58.4994 516.46
58.5494 517.99
58.5994 519.52
58.6494 520.88
58.6994 522.24
58.7494 523.43
58.7994 524.62
58.8494 525.81
58.8994 526.66
58.9494 527.68
58.9994 528.53
59.0494 529.21
59.0994 530.06
59.1494 530.74
59.1994 531.42
59.2494 532.1
59.2994 532.61
59.3494 533.12
59.3994 533.46
59.4494 533.97
59.4994 534.48
59.5494 534.82
59.5994 535.16
59.6494 535.67
59.6994 535.84
59.7494 536.18
59.7994 536.52
59.8494 536.86
59.8994 537.03
59.9494 537.37
59.9994 537.54
60.0494 537.71
60.0994 538.05
60.1494 538.22
60.1994 538.39
60.2494 538.39
60.2994 538.56
60.3494 538.73
60.3994 538.9
60.4494 539.07
60.4994 539.07
60.5494 539.24
60.5994 539.24
60.6494 539.41
60.6994 539.41
60.7494 539.58
60.7994 539.58
60.8494 539.75
60.8994 539.75
60.9494 539.92
60.9994 540.09
61.0494 540.09
61.0994 540.09
61.1494 540.26
61.1994 540.26
61.2494 540.26
61.2994 540.43
61.3493 540.43
61.3993 540.43
61.4493 540.6
61.4993 540.77
61.5493 540.77
61.5993 540.94
61.6493 540.94
61.6993 541.11
61.7493 541.11
61.7993 541.11
61.8493 541.28
61.8993 541.28
61.9493 541.28
61.9993 541.28
62.0493 541.28
62.0993 541.45
62.1493 541.45
62.1993 541.45
62.2493 541.45
62.2993 541.45
62.3493 541.62
62.3993 541.62
62.4493 541.62
62.4993 541.79
62.5493 541.79
62.5993 541.79
62.6493 541.96
62.6993 541.96
62.7493 541.96
62.7993 541.96
62.8493 541.96
62.8993 541.96
62.9493 542.13
62.9993 542.13
63.0493 541.96
63.0993 542.13
63.1493 542.13
63.1993 542.13
63.2493 542.13
63.2993 542.13
63.3493 542.13
63.3993 542.13
63.4493 542.13
63.4993 542.13
63.5493 542.13
63.5993 542.13
63.6493 542.3
63.6993 542.3
63.7493 542.13
63.7993 542.3
63.8493 542.3
63.8993 542.47
63.9493 542.47
63.9993 542.47
64.0493 542.3
64.0993 542.3
64.1493 542.47
64.1993 542.47
64.2493 542.47
64.2993 542.64
64.3493 542.64
64.3993 542.64
64.4493 542.81
64.4993 542.81
64.5493 542.81
64.5993 542.81
64.6493 542.64
64.6993 542.64
64.7494 542.64
64.7994 542.64
64.8494 542.81
64.8994 542.81
64.9494 542.81
64.9994 542.81
65.0494 542.81
65.0994 542.64
65.1494 542.81
65.1994 542.81
65.2494 542.81
65.2994 542.81
65.3494 542.81
65.3994 542.81
65.4494 542.81
65.4994 542.98
65.5494 542.98
65.5994 542.98
65.6494 542.98
65.6994 542.98
65.7494 542.98
65.7994 542.98
65.8494 542.98
65.8994 542.98
65.9494 542.98
65.9994 542.98
66.0494 542.98
66.0994 542.98
66.1494 542.98
66.1994 542.98
66.2494 542.98
66.2994 542.98
66.3494 543.15
66.3995 543.15
66.4495 543.15
66.4995 543.32
66.5495 543.32
66.5995 543.32
66.6495 543.32
66.6995 543.15
66.7495 543.15
66.7995 543.15
66.8495 543.15
66.8995 543.15
66.9495 543.15
66.9995 543.15
67.0495 543.32
67.0995 543.32
67.1495 543.32
67.1995 543.32
67.2495 543.32
67.2995 543.15
67.3495 543.15
67.3995 543.15
67.4495 543.15
67.4995 543.15
67.5495 543.15
67.5995 543.15
67.6495 543.15
67.6995 543.15
67.7495 542.98
67.7995 543.15
67.8495 543.15
67.8995 543.15
67.9495 543.15
67.9995 543.15
68.0496 543.15
68.0996 543.15
68.1496 543.32
68.1996 543.32
68.2496 543.32
68.2996 543.32
68.3496 543.32
68.3996 543.32
68.4496 543.49
68.4996 543.66
68.5496 543.83
68.5996 544
68.6496 544
68.6996 544
68.7496 544.17
68.7996 544.34
68.8496 544.34
68.8996 544.34
68.9496 544.51
68.9996 544.51
69.0496 544.68
69.0996 544.68
69.1496 545.02
69.1996 545.02
69.2496 545.02
69.2996 545.02
69.3496 545.19
69.3996 545.19
69.4496 545.19
69.4996 545.19
69.5496 545.36
69.5996 545.36
69.6497 545.53
69.6997 545.53
69.7497 545.36
69.7997 545.53
69.8497 545.53
69.8997 545.53
69.9497 545.7
69.9997 545.87
70.0497 545.87
70.0997 545.7
70.1497 545.87
70.1997 545.87
70.2497 545.87
70.2997 545.87
70.3497 545.87
70.3997 545.87
70.4497 545.87
70.4997 545.87
70.5497 545.87
70.5997 545.87
70.6497 545.87
70.6997 546.04
70.7497 545.87
70.7997 546.04
70.8497 546.04
70.8997 546.04
70.9497 546.04
70.9997 546.04
71.0497 546.04
71.0997 546.04
71.1497 546.04
71.1997 546.04
71.2497 546.21
71.2998 546.04
71.3498 546.04
71.3998 546.21
71.4498 546.04
71.4998 546.21
71.5498 546.21
71.5998 546.21
71.6498 546.21
71.6998 546.38
71.7498 546.21
71.7998 546.21
71.8498 546.38
71.8998 546.38
71.9498 546.38
71.9998 546.38
72.0498 546.38
72.0998 546.38
72.1498 546.38
72.1998 546.38
72.2498 546.38
72.2998 546.38
72.3498 546.38
72.3998 546.55
72.4498 546.38
72.4998 546.55
72.5498 546.55
72.5998 546.38
72.6498 546.55
72.6998 546.55
72.7498 546.55
72.7998 546.38
72.8498 546.38
72.8998 546.38
72.9499 546.38
72.9999 546.55
73.0499 546.55
73.0999 546.55
73.1499 546.55
73.1999 546.55
73.2499 546.55
73.2999 546.55
73.3499 546.55
73.3999 546.55
73.4499 546.55
73.4999 546.55
73.5499 546.55
73.5999 546.55
73.6499 546.38
73.6999 546.38
73.7499 546.38
73.7999 546.21
73.8499 546.21
73.8999 546.21
73.9499 546.21
73.9999 546.21
74.0499 546.21
74.0999 546.21
74.1499 546.21
74.1999 546.21
74.2499 546.21
74.2999 546.21
74.3499 546.21
74.3999 546.21
74.4499 546.21
74.4999 546.21
74.5499 546.21
74.6 546.21
74.65 546.21
74.7 546.21
74.75 546.38
74.8 546.21
74.85 546.21
74.9 546.38
74.95 546.21
75 546.38
75.05 546.21
75.1 546.38
75.15 546.38
75.2 546.38
75.25 546.21
75.3 546.21
75.35 546.21
75.4 546.21
75.45 546.21
75.5 546.21
75.55 546.21
75.6 546.21
75.65 546.21
75.7 546.38
75.75 546.55
75.8 546.55
75.85 546.55
75.9 546.55
75.95 546.55
76 546.55
76.05 546.55
76.1 546.55
76.15 546.55
76.2001 546.55
76.2501 546.38
76.3001 546.38
76.3501 546.38
76.4001 546.38
76.4501 546.38
76.5001 546.55
76.5501 546.38
76.6001 546.55
76.6501 546.55
76.7001 546.55
76.7501 546.55
76.8001 546.55
76.8501 546.72
76.9001 546.72
76.9501 546.72
77.0001 546.89
77.0501 546.89
77.1001 546.89
77.1501 546.72
77.2001 546.72
77.2501 546.72
77.3001 546.72
77.3501 546.72
77.4001 546.72
77.4501 546.72
77.5001 546.72
77.5501 546.89
77.6001 546.72
77.6501 546.89
77.7001 546.89
77.7501 546.72
77.8001 546.89
77.8502 546.89
77.9002 546.89
77.9502 546.72
78.0002 546.72
78.0502 546.89
78.1002 546.89
78.1502 546.89
78.2002 546.89
78.2502 547.06
78.3002 547.06
78.3502 547.06
78.4002 546.89
78.4502 547.06
78.5002 546.89
78.5502 547.06
78.6002 547.06
78.6502 546.89
78.7002 547.06
78.7502 547.06
78.8002 546.89
78.8502 547.06
78.9002 547.06
78.9502 547.06
79.0002 547.06
79.0502 547.06
79.1002 547.23
79.1502 547.06
79.2002 547.23
79.2502 547.23
79.3002 547.23
79.3502 547.23
79.4002 547.06
79.4502 547.23
79.5003 547.06
79.5503 547.06
79.6003 547.06
79.6503 547.06
79.7003 547.06
79.7503 547.06
79.8003 547.06
79.8503 547.06
79.9003 547.06
79.9503 547.23
80.0003 547.06
80.0503 547.23
80.1003 547.06
80.1503 547.06
80.2003 547.23
80.2503 547.23
80.3003 547.23
80.3503 547.23
80.4003 547.23
80.4503 547.23
80.5003 547.23
80.5503 547.23
80.6003 547.23
80.6503 547.23
80.7003 547.23
80.7503 547.23
80.8003 547.23
80.8503 547.23
80.9003 547.23
80.9503 547.23
81.0003 547.4
81.0503 547.4
81.1003 547.4
81.1504 547.4
81.2004 547.4
81.2504 547.57
81.3004 547.4
81.3504 547.4
81.4004 547.57
81.4504 547.57
81.5004 547.57
81.5504 547.57
81.6004 547.57
81.6504 547.57
81.7004 547.57
81.7504 547.57
81.8004 547.57
81.8504 547.4
81.9004 547.57
81.9504 547.57
82.0004 547.57
82.0504 547.57
82.1004 547.57
82.1504 547.57
82.2004 547.57
82.2504 547.57
82.3004 547.57
82.3504 547.74
82.4004 547.74
82.4504 547.74
82.5004 547.74
82.5504 547.74
82.6004 547.74
82.6504 547.74
82.7004 547.74
82.7505 547.74
82.8005 547.91
82.8505 547.74
82.9005 547.74
82.9505 547.74
83.0005 547.74
83.0505 547.91
83.1005 547.91
83.1505 547.91
83.2005 547.91
83.2505 547.91
83.3005 547.91
83.3505 548.08
83.4005 548.08
83.4505 548.08
83.5005 547.91
83.5505 548.08
83.6005 547.91
83.6505 548.08
83.7005 548.08
83.7505 548.08
83.8005 548.08
83.8505 548.08
83.9005 548.08
83.9505 548.08
84.0005 548.08
84.0505 548.08
84.1005 548.08
84.1505 548.08
84.2005 548.08
84.2505 548.08
84.3005 548.08
84.3505 547.91
84.4006 548.08
84.4506 548.08
84.5006 547.91
84.5506 548.08
84.6006 548.08
84.6506 548.08
84.7006 548.08
84.7506 548.08
84.8006 548.08
84.8506 547.91
84.9006 547.91
84.9506 548.08
85.0006 548.08
85.0506 548.08
85.1006 548.08
85.1506 547.91
85.2006 547.91
85.2506 547.91
85.3006 547.91
85.3506 547.91
85.4006 547.74
85.4506 547.91
85.5006 547.91
85.5506 547.91
85.6006 547.91
85.6506 547.91
85.7006 547.91
85.7506 547.91
85.8006 547.91
85.8506 547.74
85.9006 547.91
85.9506 547.91
86.0006 547.91
86.0507 547.91
86.1007 548.08
86.1507 548.08
86.2007 548.08
86.2507 548.08
86.3007 548.08
86.3507 548.08
86.4007 548.08
86.4507 548.25
86.5007 548.08
86.5507 548.08
86.6007 548.25
86.6507 548.25
86.7007 548.25
86.7507 548.25
86.8007 548.25
86.8507 548.08
86.9007 548.08
86.9507 548.08
87.0007 548.08
87.0507 548.08
87.1007 548.08
87.1507 548.08
87.2007 548.08
87.2507 548.08
87.3007 548.08
87.3507 548.08
87.4007 548.25
87.4507 548.25
87.5007 548.08
87.5507 548.08
87.6007 548.25
87.6507 548.08
87.7008 548.25
87.7508 548.08
87.8008 548.08
87.8508 548.25
87.9008 548.25
87.9508 548.25
88.0008 548.25
88.0508 548.25
88.1008 548.25
88.1508 548.08
88.2008 548.08
88.2508 548.25
88.3008 548.08
88.3508 548.25
88.4008 548.25
88.4508 548.25
88.5008 548.25
88.5508 548.25
88.6008 548.25
88.6508 548.25
88.7008 548.25
88.7508 548.08
88.8008 548.25
88.8508 548.08
88.9008 548.25
88.9508 548.25
89.0008 548.25
89.0508 548.08
89.1008 548.08
89.1508 548.08
89.2008 548.08
89.2508 548.08
89.3008 548.08
89.3509 548.25
89.4009 548.25
89.4509 548.25
89.5009 548.25
89.5509 548.25
89.6009 548.25
89.6509 548.42
89.7009 548.25
89.7509 548.25
89.8009 548.25
89.8509 548.25
89.9009 548.25
89.9509 548.42
90.0009 548.42
90.0509 548.42
90.1009 548.42
90.1509 548.42
90.2009 548.25
90.2509 548.42
90.3009 548.42
90.3509 548.42
90.4009 548.25
90.4509 548.25
90.5009 548.25
90.5509 548.08
90.6009 548.08
90.6509 548.25
90.7009 548.08
90.7509 548.25
90.8009 548.25
90.8509 548.08
90.9009 548.08
90.951 548.08
91.001 548.25
91.051 548.25
91.101 548.25
91.151 548.25
91.201 548.25
91.251 548.25
91.301 548.25
91.351 548.25
91.401 548.25
91.451 548.25
91.501 548.25
91.551 548.25
91.601 548.25
91.651 548.25
91.701 548.25
91.751 548.25
91.801 548.25
91.851 548.25
91.901 548.25
91.951 548.25
92.001 548.25
92.051 548.42
92.101 548.42
92.151 548.42
92.201 548.42
92.251 548.42
92.301 548.42
92.351 548.59
92.401 548.59
92.451 548.59
92.501 548.59
92.551 548.59
92.6011 548.59
92.6511 548.59
92.7011 548.59
92.7511 548.59
92.8011 548.59
92.8511 548.59
92.9011 548.59
92.9511 548.59
93.0011 548.76
93.0511 548.76
93.1011 548.59
93.1511 548.59
93.2011 548.59
93.2511 548.59
93.3011 548.59
93.3511 548.59
93.4011 548.59
93.4511 548.59
93.5011 548.59
93.5511 548.59
93.6011 548.59
93.6511 548.76
93.7011 548.76
93.7511 548.76
93.8011 548.76
93.8511 548.76
93.9011 548.76
93.9511 548.93
94.0011 548.76
94.0511 548.76
94.1011 548.76
94.1511 548.76
94.2011 548.93
94.2512 548.76
94.3012 548.93
94.3512 548.76
94.4012 548.93
94.4512 548.93
94.5012 548.93
94.5512 548.76
94.6012 548.93
94.6512 548.76
94.7012 548.93
94.7512 548.76
94.8012 548.93
94.8512 548.93
94.9012 548.76
94.9512 548.93
95.0012 548.93
95.0512 548.93
95.1012 548.93
95.1512 548.93
95.2012 548.93
95.2512 548.76
95.3012 548.93
95.3512 548.93
95.4012 548.93
95.4512 548.93
95.5012 548.76
95.5512 548.76
95.6012 548.93
95.6512 548.93
95.7012 548.93
95.7512 548.93
95.8012 548.93
95.8512 548.93
95.9013 548.76
95.9513 548.93
96.0013 548.93
96.0513 549.1
96.1013 549.1
96.1513 549.1
96.2013 548.93
96.2513 548.93
96.3013 548.93
96.3513 548.93
96.4013 548.93
96.4513 548.93
96.5013 548.93
96.5513 549.1
96.6013 548.93
96.6513 549.1
96.7013 549.1
96.7513 549.1
96.8013 549.1
96.8513 549.1
96.9013 549.1
96.9513 549.27
97.0013 549.27
97.0513 549.27
97.1013 549.27
97.1513 549.27
97.2013 549.27
97.2513 549.1
97.3013 549.1
97.3513 549.1
97.4013 549.1
97.4513 549.27
97.5014 549.27
97.5514 549.27
97.6014 549.1
97.6514 549.27
97.7014 549.27
97.7514 549.27
97.8014 549.27
97.8514 549.27
97.9014 549.1
97.9514 549.1
98.0014 549.27
98.0514 549.27
98.1014 549.27
98.1514 549.27
98.2014 549.44
98.2514 549.27
98.3014 549.27
98.3514 549.1
98.4014 549.27
98.4514 549.27
98.5014 549.27
98.5514 549.27
98.6014 549.1
98.6514 549.1
98.7014 549.1
98.7514 549.27
98.8014 549.27
98.8514 549.27
98.9014 549.27
98.9514 549.27
99.0014 549.27
99.0514 549.27
99.1014 549.1
99.1515 549.1
99.2015 549.1
99.2515 549.1
99.3015 549.1
99.3515 549.1
99.4015 549.1
99.4515 549.1
99.5015 549.1
99.5515 549.1
99.6015 549.1
99.6515 549.1
99.7015 549.1
99.7515 549.1
99.8015 549.1
99.8515 549.1
99.9015 549.1
99.9515 548.93
